2021/11/29-14:10:47.726395 111b43e00 RocksDB version: 6.17.3
2021/11/29-14:10:47.726925 111b43e00 Git sha rocksdb_build_git_sha:@09c7e96eac1ab983f97ce9e0406730b8014b3398@
2021/11/29-14:10:47.726929 111b43e00 Compile date Oct  6 2021
2021/11/29-14:10:47.726977 111b43e00 DB SUMMARY
2021/11/29-14:10:47.726982 111b43e00 DB Session ID:  TCZ81G0PH8ITW1GJ84YS
2021/11/29-14:10:47.727074 111b43e00 SST files in test-ledger/rocksdb dir, Total Num: 0, files: 
2021/11/29-14:10:47.727077 111b43e00 Write Ahead Log file in test-ledger/rocksdb: 
2021/11/29-14:10:47.727078 111b43e00                         Options.error_if_exists: 0
2021/11/29-14:10:47.727080 111b43e00                       Options.create_if_missing: 1
2021/11/29-14:10:47.727081 111b43e00                         Options.paranoid_checks: 1
2021/11/29-14:10:47.727082 111b43e00                               Options.track_and_verify_wals_in_manifest: 0
2021/11/29-14:10:47.727083 111b43e00                                     Options.env: 0x1070cbbc8
2021/11/29-14:10:47.727085 111b43e00                                      Options.fs: Posix File System
2021/11/29-14:10:47.727086 111b43e00                                Options.info_log: 0x7fda8df0ff70
2021/11/29-14:10:47.727087 111b43e00                Options.max_file_opening_threads: 16
2021/11/29-14:10:47.727089 111b43e00                              Options.statistics: 0x0
2021/11/29-14:10:47.727090 111b43e00                               Options.use_fsync: 0
2021/11/29-14:10:47.727091 111b43e00                       Options.max_log_file_size: 0
2021/11/29-14:10:47.727092 111b43e00                  Options.max_manifest_file_size: 1073741824
2021/11/29-14:10:47.727093 111b43e00                   Options.log_file_time_to_roll: 0
2021/11/29-14:10:47.727094 111b43e00                       Options.keep_log_file_num: 1000
2021/11/29-14:10:47.727095 111b43e00                    Options.recycle_log_file_num: 0
2021/11/29-14:10:47.727096 111b43e00                         Options.allow_fallocate: 1
2021/11/29-14:10:47.727098 111b43e00                        Options.allow_mmap_reads: 0
2021/11/29-14:10:47.727099 111b43e00                       Options.allow_mmap_writes: 0
2021/11/29-14:10:47.727100 111b43e00                        Options.use_direct_reads: 0
2021/11/29-14:10:47.727101 111b43e00                        Options.use_direct_io_for_flush_and_compaction: 0
2021/11/29-14:10:47.727102 111b43e00          Options.create_missing_column_families: 1
2021/11/29-14:10:47.727103 111b43e00                              Options.db_log_dir: 
2021/11/29-14:10:47.727104 111b43e00                                 Options.wal_dir: test-ledger/rocksdb
2021/11/29-14:10:47.727105 111b43e00                Options.table_cache_numshardbits: 6
2021/11/29-14:10:47.727106 111b43e00                         Options.WAL_ttl_seconds: 0
2021/11/29-14:10:47.727107 111b43e00                       Options.WAL_size_limit_MB: 0
2021/11/29-14:10:47.727108 111b43e00                        Options.max_write_batch_group_size_bytes: 1048576
2021/11/29-14:10:47.727110 111b43e00             Options.manifest_preallocation_size: 4194304
2021/11/29-14:10:47.727111 111b43e00                     Options.is_fd_close_on_exec: 1
2021/11/29-14:10:47.727112 111b43e00                   Options.advise_random_on_open: 1
2021/11/29-14:10:47.727113 111b43e00                    Options.db_write_buffer_size: 0
2021/11/29-14:10:47.727114 111b43e00                    Options.write_buffer_manager: 0x7fda8df0fee0
2021/11/29-14:10:47.727115 111b43e00         Options.access_hint_on_compaction_start: 1
2021/11/29-14:10:47.727116 111b43e00  Options.new_table_reader_for_compaction_inputs: 0
2021/11/29-14:10:47.727117 111b43e00           Options.random_access_max_buffer_size: 1048576
2021/11/29-14:10:47.727119 111b43e00                      Options.use_adaptive_mutex: 0
2021/11/29-14:10:47.727120 111b43e00                            Options.rate_limiter: 0x0
2021/11/29-14:10:47.727121 111b43e00     Options.sst_file_manager.rate_bytes_per_sec: 0
2021/11/29-14:10:47.727122 111b43e00                       Options.wal_recovery_mode: 2
2021/11/29-14:10:47.727123 111b43e00                  Options.enable_thread_tracking: 0
2021/11/29-14:10:47.727153 111b43e00                  Options.enable_pipelined_write: 0
2021/11/29-14:10:47.727155 111b43e00                  Options.unordered_write: 0
2021/11/29-14:10:47.727156 111b43e00         Options.allow_concurrent_memtable_write: 1
2021/11/29-14:10:47.727157 111b43e00      Options.enable_write_thread_adaptive_yield: 1
2021/11/29-14:10:47.727158 111b43e00             Options.write_thread_max_yield_usec: 100
2021/11/29-14:10:47.727159 111b43e00            Options.write_thread_slow_yield_usec: 3
2021/11/29-14:10:47.727160 111b43e00                               Options.row_cache: None
2021/11/29-14:10:47.727161 111b43e00                              Options.wal_filter: None
2021/11/29-14:10:47.727162 111b43e00             Options.avoid_flush_during_recovery: 0
2021/11/29-14:10:47.727164 111b43e00             Options.allow_ingest_behind: 0
2021/11/29-14:10:47.727165 111b43e00             Options.preserve_deletes: 0
2021/11/29-14:10:47.727166 111b43e00             Options.two_write_queues: 0
2021/11/29-14:10:47.727167 111b43e00             Options.manual_wal_flush: 0
2021/11/29-14:10:47.727168 111b43e00             Options.atomic_flush: 0
2021/11/29-14:10:47.727169 111b43e00             Options.avoid_unnecessary_blocking_io: 0
2021/11/29-14:10:47.727170 111b43e00                 Options.persist_stats_to_disk: 0
2021/11/29-14:10:47.727171 111b43e00                 Options.write_dbid_to_manifest: 0
2021/11/29-14:10:47.727172 111b43e00                 Options.log_readahead_size: 0
2021/11/29-14:10:47.727173 111b43e00                 Options.file_checksum_gen_factory: Unknown
2021/11/29-14:10:47.727175 111b43e00                 Options.best_efforts_recovery: 0
2021/11/29-14:10:47.727176 111b43e00                Options.max_bgerror_resume_count: 2147483647
2021/11/29-14:10:47.727177 111b43e00            Options.bgerror_resume_retry_interval: 1000000
2021/11/29-14:10:47.727178 111b43e00             Options.allow_data_in_errors: 0
2021/11/29-14:10:47.727179 111b43e00             Options.db_host_id: __hostname__
2021/11/29-14:10:47.727180 111b43e00             Options.max_background_jobs: 4
2021/11/29-14:10:47.727182 111b43e00             Options.max_background_compactions: -1
2021/11/29-14:10:47.727183 111b43e00             Options.max_subcompactions: 1
2021/11/29-14:10:47.727184 111b43e00             Options.avoid_flush_during_shutdown: 0
2021/11/29-14:10:47.727185 111b43e00           Options.writable_file_max_buffer_size: 1048576
2021/11/29-14:10:47.727186 111b43e00             Options.delayed_write_rate : 16777216
2021/11/29-14:10:47.727187 111b43e00             Options.max_total_wal_size: 4294967296
2021/11/29-14:10:47.727189 111b43e00             Options.delete_obsolete_files_period_micros: 21600000000
2021/11/29-14:10:47.727190 111b43e00                   Options.stats_dump_period_sec: 600
2021/11/29-14:10:47.727191 111b43e00                 Options.stats_persist_period_sec: 600
2021/11/29-14:10:47.727192 111b43e00                 Options.stats_history_buffer_size: 1048576
2021/11/29-14:10:47.727193 111b43e00                          Options.max_open_files: -1
2021/11/29-14:10:47.727194 111b43e00                          Options.bytes_per_sync: 0
2021/11/29-14:10:47.727195 111b43e00                      Options.wal_bytes_per_sync: 0
2021/11/29-14:10:47.727196 111b43e00                   Options.strict_bytes_per_sync: 0
2021/11/29-14:10:47.727198 111b43e00       Options.compaction_readahead_size: 0
2021/11/29-14:10:47.727199 111b43e00                  Options.max_background_flushes: -1
2021/11/29-14:10:47.727200 111b43e00 Compression algorithms supported:
2021/11/29-14:10:47.727201 111b43e00 	kZSTD supported: 0
2021/11/29-14:10:47.727203 111b43e00 	kZlibCompression supported: 0
2021/11/29-14:10:47.727204 111b43e00 	kXpressCompression supported: 0
2021/11/29-14:10:47.727205 111b43e00 	kSnappyCompression supported: 0
2021/11/29-14:10:47.727206 111b43e00 	kZSTDNotFinalCompression supported: 0
2021/11/29-14:10:47.727208 111b43e00 	kLZ4HCCompression supported: 1
2021/11/29-14:10:47.727227 111b43e00 	kLZ4Compression supported: 1
2021/11/29-14:10:47.727229 111b43e00 	kBZip2Compression supported: 0
2021/11/29-14:10:47.727230 111b43e00 Fast CRC32 supported: Supported on x86
2021/11/29-14:10:47.727968 111b43e00 [db/db_impl/db_impl_open.cc:283] Creating manifest 1 
2021/11/29-14:10:47.729146 111b43e00 [db/version_set.cc:4757] Recovering from manifest file: test-ledger/rocksdb/MANIFEST-000001
2021/11/29-14:10:47.729286 111b43e00 [db/column_family.cc:597] --------------- Options for column family [default]:
2021/11/29-14:10:47.729293 111b43e00               Options.comparator: leveldb.BytewiseComparator
2021/11/29-14:10:47.729295 111b43e00           Options.merge_operator: None
2021/11/29-14:10:47.729296 111b43e00        Options.compaction_filter: None
2021/11/29-14:10:47.729297 111b43e00        Options.compaction_filter_factory: None
2021/11/29-14:10:47.729298 111b43e00  Options.sst_partitioner_factory: None
2021/11/29-14:10:47.729299 111b43e00         Options.memtable_factory: SkipListFactory
2021/11/29-14:10:47.729300 111b43e00            Options.table_factory: BlockBasedTable
2021/11/29-14:10:47.729319 111b43e00            table_factory options:   flush_block_policy_factory: FlushBlockBySizePolicyFactory (0x7fda8dd12060)
  cache_index_and_filter_blocks: 0
  cache_index_and_filter_blocks_with_high_priority: 1
  pin_l0_filter_and_index_blocks_in_cache: 0
  pin_top_level_index_and_filter: 1
  index_type: 0
  data_block_index_type: 0
  index_shortening: 1
  data_block_hash_table_util_ratio: 0.750000
  hash_index_allow_collision: 1
  checksum: 1
  no_block_cache: 0
  block_cache: 0x7fda8dd12388
  block_cache_name: LRUCache
  block_cache_options:
    capacity : 8388608
    num_shard_bits : 4
    strict_capacity_limit : 0
    memory_allocator : None
    high_pri_pool_ratio: 0.000
  block_cache_compressed: 0x0
  persistent_cache: 0x0
  block_size: 4096
  block_size_deviation: 10
  block_restart_interval: 16
  index_block_restart_interval: 1
  metadata_block_size: 4096
  partition_filters: 0
  use_delta_encoding: 1
  filter_policy: nullptr
  whole_key_filtering: 1
  verify_compression: 0
  read_amp_bytes_per_bit: 0
  format_version: 4
  enable_index_compression: 1
  block_align: 0
2021/11/29-14:10:47.729325 111b43e00        Options.write_buffer_size: 67108864
2021/11/29-14:10:47.729326 111b43e00  Options.max_write_buffer_number: 2
2021/11/29-14:10:47.729330 111b43e00          Options.compression: NoCompression
2021/11/29-14:10:47.729331 111b43e00                  Options.bottommost_compression: Disabled
2021/11/29-14:10:47.729332 111b43e00       Options.prefix_extractor: nullptr
2021/11/29-14:10:47.729333 111b43e00   Options.memtable_insert_with_hint_prefix_extractor: nullptr
2021/11/29-14:10:47.729334 111b43e00             Options.num_levels: 7
2021/11/29-14:10:47.729335 111b43e00        Options.min_write_buffer_number_to_merge: 1
2021/11/29-14:10:47.729336 111b43e00     Options.max_write_buffer_number_to_maintain: 0
2021/11/29-14:10:47.729337 111b43e00     Options.max_write_buffer_size_to_maintain: 0
2021/11/29-14:10:47.729338 111b43e00            Options.bottommost_compression_opts.window_bits: -14
2021/11/29-14:10:47.729339 111b43e00                  Options.bottommost_compression_opts.level: 32767
2021/11/29-14:10:47.729340 111b43e00               Options.bottommost_compression_opts.strategy: 0
2021/11/29-14:10:47.729341 111b43e00         Options.bottommost_compression_opts.max_dict_bytes: 0
2021/11/29-14:10:47.729341 111b43e00         Options.bottommost_compression_opts.zstd_max_train_bytes: 0
2021/11/29-14:10:47.729343 111b43e00         Options.bottommost_compression_opts.parallel_threads: 1
2021/11/29-14:10:47.729343 111b43e00                  Options.bottommost_compression_opts.enabled: false
2021/11/29-14:10:47.729345 111b43e00            Options.compression_opts.window_bits: -14
2021/11/29-14:10:47.729346 111b43e00                  Options.compression_opts.level: 32767
2021/11/29-14:10:47.729346 111b43e00               Options.compression_opts.strategy: 0
2021/11/29-14:10:47.729347 111b43e00         Options.compression_opts.max_dict_bytes: 0
2021/11/29-14:10:47.729380 111b43e00         Options.compression_opts.zstd_max_train_bytes: 0
2021/11/29-14:10:47.729381 111b43e00         Options.compression_opts.parallel_threads: 1
2021/11/29-14:10:47.729382 111b43e00                  Options.compression_opts.enabled: false
2021/11/29-14:10:47.729383 111b43e00      Options.level0_file_num_compaction_trigger: 4
2021/11/29-14:10:47.729384 111b43e00          Options.level0_slowdown_writes_trigger: 20
2021/11/29-14:10:47.729385 111b43e00              Options.level0_stop_writes_trigger: 36
2021/11/29-14:10:47.729386 111b43e00                   Options.target_file_size_base: 67108864
2021/11/29-14:10:47.729387 111b43e00             Options.target_file_size_multiplier: 1
2021/11/29-14:10:47.729388 111b43e00                Options.max_bytes_for_level_base: 268435456
2021/11/29-14:10:47.729389 111b43e00 Options.level_compaction_dynamic_level_bytes: 0
2021/11/29-14:10:47.729390 111b43e00          Options.max_bytes_for_level_multiplier: 10.000000
2021/11/29-14:10:47.729391 111b43e00 Options.max_bytes_for_level_multiplier_addtl[0]: 1
2021/11/29-14:10:47.729393 111b43e00 Options.max_bytes_for_level_multiplier_addtl[1]: 1
2021/11/29-14:10:47.729393 111b43e00 Options.max_bytes_for_level_multiplier_addtl[2]: 1
2021/11/29-14:10:47.729394 111b43e00 Options.max_bytes_for_level_multiplier_addtl[3]: 1
2021/11/29-14:10:47.729395 111b43e00 Options.max_bytes_for_level_multiplier_addtl[4]: 1
2021/11/29-14:10:47.729396 111b43e00 Options.max_bytes_for_level_multiplier_addtl[5]: 1
2021/11/29-14:10:47.729397 111b43e00 Options.max_bytes_for_level_multiplier_addtl[6]: 1
2021/11/29-14:10:47.729398 111b43e00       Options.max_sequential_skip_in_iterations: 8
2021/11/29-14:10:47.729399 111b43e00                    Options.max_compaction_bytes: 1677721600
2021/11/29-14:10:47.729400 111b43e00                        Options.arena_block_size: 8388608
2021/11/29-14:10:47.729401 111b43e00   Options.soft_pending_compaction_bytes_limit: 68719476736
2021/11/29-14:10:47.729402 111b43e00   Options.hard_pending_compaction_bytes_limit: 274877906944
2021/11/29-14:10:47.729403 111b43e00       Options.rate_limit_delay_max_milliseconds: 100
2021/11/29-14:10:47.729404 111b43e00                Options.disable_auto_compactions: 0
2021/11/29-14:10:47.729405 111b43e00                        Options.compaction_style: kCompactionStyleLevel
2021/11/29-14:10:47.729406 111b43e00                          Options.compaction_pri: kMinOverlappingRatio
2021/11/29-14:10:47.729407 111b43e00 Options.compaction_options_universal.size_ratio: 1
2021/11/29-14:10:47.729408 111b43e00 Options.compaction_options_universal.min_merge_width: 2
2021/11/29-14:10:47.729409 111b43e00 Options.compaction_options_universal.max_merge_width: 4294967295
2021/11/29-14:10:47.729410 111b43e00 Options.compaction_options_universal.max_size_amplification_percent: 200
2021/11/29-14:10:47.729411 111b43e00 Options.compaction_options_universal.compression_size_percent: -1
2021/11/29-14:10:47.729412 111b43e00 Options.compaction_options_universal.stop_style: kCompactionStopStyleTotalSize
2021/11/29-14:10:47.729413 111b43e00 Options.compaction_options_fifo.max_table_files_size: 1073741824
2021/11/29-14:10:47.729414 111b43e00 Options.compaction_options_fifo.allow_compaction: 0
2021/11/29-14:10:47.729421 111b43e00                   Options.table_properties_collectors: 
2021/11/29-14:10:47.729422 111b43e00                   Options.inplace_update_support: 0
2021/11/29-14:10:47.729423 111b43e00                 Options.inplace_update_num_locks: 10000
2021/11/29-14:10:47.729424 111b43e00               Options.memtable_prefix_bloom_size_ratio: 0.000000
2021/11/29-14:10:47.729425 111b43e00               Options.memtable_whole_key_filtering: 0
2021/11/29-14:10:47.729426 111b43e00   Options.memtable_huge_page_size: 0
2021/11/29-14:10:47.729427 111b43e00                           Options.bloom_locality: 0
2021/11/29-14:10:47.729428 111b43e00                    Options.max_successive_merges: 0
2021/11/29-14:10:47.729429 111b43e00                Options.optimize_filters_for_hits: 0
2021/11/29-14:10:47.729446 111b43e00                Options.paranoid_file_checks: 0
2021/11/29-14:10:47.729447 111b43e00                Options.force_consistency_checks: 1
2021/11/29-14:10:47.729448 111b43e00                Options.report_bg_io_stats: 0
2021/11/29-14:10:47.729449 111b43e00                               Options.ttl: 2592000
2021/11/29-14:10:47.729450 111b43e00          Options.periodic_compaction_seconds: 0
2021/11/29-14:10:47.729451 111b43e00                    Options.enable_blob_files: false
2021/11/29-14:10:47.729452 111b43e00                        Options.min_blob_size: 0
2021/11/29-14:10:47.729453 111b43e00                       Options.blob_file_size: 268435456
2021/11/29-14:10:47.729454 111b43e00                Options.blob_compression_type: NoCompression
2021/11/29-14:10:47.729455 111b43e00       Options.enable_blob_garbage_collection: false
2021/11/29-14:10:47.729456 111b43e00   Options.blob_garbage_collection_age_cutoff: 0.250000
2021/11/29-14:10:47.730324 111b43e00 [db/version_set.cc:4805] Recovered from manifest file:test-ledger/rocksdb/MANIFEST-000001 succeeded,manifest_file_number is 1, next_file_number is 3, last_sequence is 0, log_number is 0,prev_log_number is 0,max_column_family is 0,min_log_number_to_keep is 0
2021/11/29-14:10:47.730332 111b43e00 [db/version_set.cc:4814] Column family [default] (ID 0), log number is 0
2021/11/29-14:10:47.730486 111b43e00 [db/version_set.cc:4111] Creating manifest 3
2021/11/29-14:10:47.731746 111b43e00 [db/column_family.cc:597] --------------- Options for column family [meta]:
2021/11/29-14:10:47.731752 111b43e00               Options.comparator: leveldb.BytewiseComparator
2021/11/29-14:10:47.731754 111b43e00           Options.merge_operator: None
2021/11/29-14:10:47.731756 111b43e00        Options.compaction_filter: None
2021/11/29-14:10:47.731761 111b43e00        Options.compaction_filter_factory: purged_slot_filter_factory(meta)
2021/11/29-14:10:47.731763 111b43e00  Options.sst_partitioner_factory: None
2021/11/29-14:10:47.731764 111b43e00         Options.memtable_factory: SkipListFactory
2021/11/29-14:10:47.731765 111b43e00            Options.table_factory: BlockBasedTable
2021/11/29-14:10:47.731793 111b43e00            table_factory options:   flush_block_policy_factory: FlushBlockBySizePolicyFactory (0x7fda8df0f250)
  cache_index_and_filter_blocks: 0
  cache_index_and_filter_blocks_with_high_priority: 1
  pin_l0_filter_and_index_blocks_in_cache: 0
  pin_top_level_index_and_filter: 1
  index_type: 0
  data_block_index_type: 0
  index_shortening: 1
  data_block_hash_table_util_ratio: 0.750000
  hash_index_allow_collision: 1
  checksum: 1
  no_block_cache: 0
  block_cache: 0x7fda8df0f298
  block_cache_name: LRUCache
  block_cache_options:
    capacity : 8388608
    num_shard_bits : 4
    strict_capacity_limit : 0
    memory_allocator : None
    high_pri_pool_ratio: 0.000
  block_cache_compressed: 0x0
  persistent_cache: 0x0
  block_size: 4096
  block_size_deviation: 10
  block_restart_interval: 16
  index_block_restart_interval: 1
  metadata_block_size: 4096
  partition_filters: 0
  use_delta_encoding: 1
  filter_policy: nullptr
  whole_key_filtering: 1
  verify_compression: 0
  read_amp_bytes_per_bit: 0
  format_version: 4
  enable_index_compression: 1
  block_align: 0
2021/11/29-14:10:47.731818 111b43e00        Options.write_buffer_size: 268435456
2021/11/29-14:10:47.731822 111b43e00  Options.max_write_buffer_number: 8
2021/11/29-14:10:47.731880 111b43e00          Options.compression: NoCompression
2021/11/29-14:10:47.731882 111b43e00                  Options.bottommost_compression: Disabled
2021/11/29-14:10:47.731883 111b43e00       Options.prefix_extractor: nullptr
2021/11/29-14:10:47.731884 111b43e00   Options.memtable_insert_with_hint_prefix_extractor: nullptr
2021/11/29-14:10:47.731885 111b43e00             Options.num_levels: 7
2021/11/29-14:10:47.731886 111b43e00        Options.min_write_buffer_number_to_merge: 1
2021/11/29-14:10:47.731887 111b43e00     Options.max_write_buffer_number_to_maintain: 0
2021/11/29-14:10:47.731887 111b43e00     Options.max_write_buffer_size_to_maintain: 0
2021/11/29-14:10:47.731892 111b43e00            Options.bottommost_compression_opts.window_bits: -14
2021/11/29-14:10:47.731893 111b43e00                  Options.bottommost_compression_opts.level: 32767
2021/11/29-14:10:47.731899 111b43e00               Options.bottommost_compression_opts.strategy: 0
2021/11/29-14:10:47.731900 111b43e00         Options.bottommost_compression_opts.max_dict_bytes: 0
2021/11/29-14:10:47.731902 111b43e00         Options.bottommost_compression_opts.zstd_max_train_bytes: 0
2021/11/29-14:10:47.731903 111b43e00         Options.bottommost_compression_opts.parallel_threads: 1
2021/11/29-14:10:47.731905 111b43e00                  Options.bottommost_compression_opts.enabled: false
2021/11/29-14:10:47.731906 111b43e00            Options.compression_opts.window_bits: -14
2021/11/29-14:10:47.731907 111b43e00                  Options.compression_opts.level: 32767
2021/11/29-14:10:47.731909 111b43e00               Options.compression_opts.strategy: 0
2021/11/29-14:10:47.731910 111b43e00         Options.compression_opts.max_dict_bytes: 0
2021/11/29-14:10:47.731911 111b43e00         Options.compression_opts.zstd_max_train_bytes: 0
2021/11/29-14:10:47.731912 111b43e00         Options.compression_opts.parallel_threads: 1
2021/11/29-14:10:47.731913 111b43e00                  Options.compression_opts.enabled: false
2021/11/29-14:10:47.731914 111b43e00      Options.level0_file_num_compaction_trigger: 4
2021/11/29-14:10:47.731957 111b43e00          Options.level0_slowdown_writes_trigger: 20
2021/11/29-14:10:47.731959 111b43e00              Options.level0_stop_writes_trigger: 36
2021/11/29-14:10:47.731960 111b43e00                   Options.target_file_size_base: 107374182
2021/11/29-14:10:47.731961 111b43e00             Options.target_file_size_multiplier: 1
2021/11/29-14:10:47.731962 111b43e00                Options.max_bytes_for_level_base: 1073741824
2021/11/29-14:10:47.731963 111b43e00 Options.level_compaction_dynamic_level_bytes: 0
2021/11/29-14:10:47.731965 111b43e00          Options.max_bytes_for_level_multiplier: 10.000000
2021/11/29-14:10:47.731967 111b43e00 Options.max_bytes_for_level_multiplier_addtl[0]: 1
2021/11/29-14:10:47.731970 111b43e00 Options.max_bytes_for_level_multiplier_addtl[1]: 1
2021/11/29-14:10:47.731971 111b43e00 Options.max_bytes_for_level_multiplier_addtl[2]: 1
2021/11/29-14:10:47.731973 111b43e00 Options.max_bytes_for_level_multiplier_addtl[3]: 1
2021/11/29-14:10:47.731974 111b43e00 Options.max_bytes_for_level_multiplier_addtl[4]: 1
2021/11/29-14:10:47.731975 111b43e00 Options.max_bytes_for_level_multiplier_addtl[5]: 1
2021/11/29-14:10:47.731976 111b43e00 Options.max_bytes_for_level_multiplier_addtl[6]: 1
2021/11/29-14:10:47.731977 111b43e00       Options.max_sequential_skip_in_iterations: 8
2021/11/29-14:10:47.731979 111b43e00                    Options.max_compaction_bytes: 2684354550
2021/11/29-14:10:47.731980 111b43e00                        Options.arena_block_size: 33554432
2021/11/29-14:10:47.731981 111b43e00   Options.soft_pending_compaction_bytes_limit: 68719476736
2021/11/29-14:10:47.731982 111b43e00   Options.hard_pending_compaction_bytes_limit: 274877906944
2021/11/29-14:10:47.731983 111b43e00       Options.rate_limit_delay_max_milliseconds: 100
2021/11/29-14:10:47.731985 111b43e00                Options.disable_auto_compactions: 0
2021/11/29-14:10:47.731986 111b43e00                        Options.compaction_style: kCompactionStyleLevel
2021/11/29-14:10:47.731987 111b43e00                          Options.compaction_pri: kMinOverlappingRatio
2021/11/29-14:10:47.731989 111b43e00 Options.compaction_options_universal.size_ratio: 1
2021/11/29-14:10:47.731990 111b43e00 Options.compaction_options_universal.min_merge_width: 2
2021/11/29-14:10:47.731991 111b43e00 Options.compaction_options_universal.max_merge_width: 4294967295
2021/11/29-14:10:47.731992 111b43e00 Options.compaction_options_universal.max_size_amplification_percent: 200
2021/11/29-14:10:47.731993 111b43e00 Options.compaction_options_universal.compression_size_percent: -1
2021/11/29-14:10:47.731996 111b43e00 Options.compaction_options_universal.stop_style: kCompactionStopStyleTotalSize
2021/11/29-14:10:47.731997 111b43e00 Options.compaction_options_fifo.max_table_files_size: 1073741824
2021/11/29-14:10:47.731998 111b43e00 Options.compaction_options_fifo.allow_compaction: 0
2021/11/29-14:10:47.732002 111b43e00                   Options.table_properties_collectors: 
2021/11/29-14:10:47.732003 111b43e00                   Options.inplace_update_support: 0
2021/11/29-14:10:47.732005 111b43e00                 Options.inplace_update_num_locks: 10000
2021/11/29-14:10:47.732006 111b43e00               Options.memtable_prefix_bloom_size_ratio: 0.000000
2021/11/29-14:10:47.732008 111b43e00               Options.memtable_whole_key_filtering: 0
2021/11/29-14:10:47.732009 111b43e00   Options.memtable_huge_page_size: 0
2021/11/29-14:10:47.732010 111b43e00                           Options.bloom_locality: 0
2021/11/29-14:10:47.732011 111b43e00                    Options.max_successive_merges: 0
2021/11/29-14:10:47.732012 111b43e00                Options.optimize_filters_for_hits: 0
2021/11/29-14:10:47.732014 111b43e00                Options.paranoid_file_checks: 0
2021/11/29-14:10:47.732015 111b43e00                Options.force_consistency_checks: 1
2021/11/29-14:10:47.732016 111b43e00                Options.report_bg_io_stats: 0
2021/11/29-14:10:47.732017 111b43e00                               Options.ttl: 2592000
2021/11/29-14:10:47.732040 111b43e00          Options.periodic_compaction_seconds: 2592000
2021/11/29-14:10:47.732042 111b43e00                    Options.enable_blob_files: false
2021/11/29-14:10:47.732043 111b43e00                        Options.min_blob_size: 0
2021/11/29-14:10:47.732044 111b43e00                       Options.blob_file_size: 268435456
2021/11/29-14:10:47.732046 111b43e00                Options.blob_compression_type: NoCompression
2021/11/29-14:10:47.732047 111b43e00       Options.enable_blob_garbage_collection: false
2021/11/29-14:10:47.732048 111b43e00   Options.blob_garbage_collection_age_cutoff: 0.250000
2021/11/29-14:10:47.732136 111b43e00 [db/db_impl/db_impl.cc:2658] Created column family [meta] (ID 1)
2021/11/29-14:10:47.734680 111b43e00 [db/column_family.cc:597] --------------- Options for column family [dead_slots]:
2021/11/29-14:10:47.734687 111b43e00               Options.comparator: leveldb.BytewiseComparator
2021/11/29-14:10:47.734689 111b43e00           Options.merge_operator: None
2021/11/29-14:10:47.734690 111b43e00        Options.compaction_filter: None
2021/11/29-14:10:47.734691 111b43e00        Options.compaction_filter_factory: purged_slot_filter_factory(dead_slots)
2021/11/29-14:10:47.734692 111b43e00  Options.sst_partitioner_factory: None
2021/11/29-14:10:47.734693 111b43e00         Options.memtable_factory: SkipListFactory
2021/11/29-14:10:47.734694 111b43e00            Options.table_factory: BlockBasedTable
2021/11/29-14:10:47.734709 111b43e00            table_factory options:   flush_block_policy_factory: FlushBlockBySizePolicyFactory (0x7fda8dc13350)
  cache_index_and_filter_blocks: 0
  cache_index_and_filter_blocks_with_high_priority: 1
  pin_l0_filter_and_index_blocks_in_cache: 0
  pin_top_level_index_and_filter: 1
  index_type: 0
  data_block_index_type: 0
  index_shortening: 1
  data_block_hash_table_util_ratio: 0.750000
  hash_index_allow_collision: 1
  checksum: 1
  no_block_cache: 0
  block_cache: 0x7fda8dc13398
  block_cache_name: LRUCache
  block_cache_options:
    capacity : 8388608
    num_shard_bits : 4
    strict_capacity_limit : 0
    memory_allocator : None
    high_pri_pool_ratio: 0.000
  block_cache_compressed: 0x0
  persistent_cache: 0x0
  block_size: 4096
  block_size_deviation: 10
  block_restart_interval: 16
  index_block_restart_interval: 1
  metadata_block_size: 4096
  partition_filters: 0
  use_delta_encoding: 1
  filter_policy: nullptr
  whole_key_filtering: 1
  verify_compression: 0
  read_amp_bytes_per_bit: 0
  format_version: 4
  enable_index_compression: 1
  block_align: 0
2021/11/29-14:10:47.734713 111b43e00        Options.write_buffer_size: 268435456
2021/11/29-14:10:47.734714 111b43e00  Options.max_write_buffer_number: 8
2021/11/29-14:10:47.734715 111b43e00          Options.compression: NoCompression
2021/11/29-14:10:47.734716 111b43e00                  Options.bottommost_compression: Disabled
2021/11/29-14:10:47.734717 111b43e00       Options.prefix_extractor: nullptr
2021/11/29-14:10:47.734718 111b43e00   Options.memtable_insert_with_hint_prefix_extractor: nullptr
2021/11/29-14:10:47.734719 111b43e00             Options.num_levels: 7
2021/11/29-14:10:47.734720 111b43e00        Options.min_write_buffer_number_to_merge: 1
2021/11/29-14:10:47.734721 111b43e00     Options.max_write_buffer_number_to_maintain: 0
2021/11/29-14:10:47.734722 111b43e00     Options.max_write_buffer_size_to_maintain: 0
2021/11/29-14:10:47.734723 111b43e00            Options.bottommost_compression_opts.window_bits: -14
2021/11/29-14:10:47.734724 111b43e00                  Options.bottommost_compression_opts.level: 32767
2021/11/29-14:10:47.734725 111b43e00               Options.bottommost_compression_opts.strategy: 0
2021/11/29-14:10:47.734726 111b43e00         Options.bottommost_compression_opts.max_dict_bytes: 0
2021/11/29-14:10:47.734727 111b43e00         Options.bottommost_compression_opts.zstd_max_train_bytes: 0
2021/11/29-14:10:47.734728 111b43e00         Options.bottommost_compression_opts.parallel_threads: 1
2021/11/29-14:10:47.734729 111b43e00                  Options.bottommost_compression_opts.enabled: false
2021/11/29-14:10:47.734730 111b43e00            Options.compression_opts.window_bits: -14
2021/11/29-14:10:47.734731 111b43e00                  Options.compression_opts.level: 32767
2021/11/29-14:10:47.734732 111b43e00               Options.compression_opts.strategy: 0
2021/11/29-14:10:47.734733 111b43e00         Options.compression_opts.max_dict_bytes: 0
2021/11/29-14:10:47.734734 111b43e00         Options.compression_opts.zstd_max_train_bytes: 0
2021/11/29-14:10:47.734735 111b43e00         Options.compression_opts.parallel_threads: 1
2021/11/29-14:10:47.734735 111b43e00                  Options.compression_opts.enabled: false
2021/11/29-14:10:47.734736 111b43e00      Options.level0_file_num_compaction_trigger: 4
2021/11/29-14:10:47.734760 111b43e00          Options.level0_slowdown_writes_trigger: 20
2021/11/29-14:10:47.734762 111b43e00              Options.level0_stop_writes_trigger: 36
2021/11/29-14:10:47.734763 111b43e00                   Options.target_file_size_base: 107374182
2021/11/29-14:10:47.734764 111b43e00             Options.target_file_size_multiplier: 1
2021/11/29-14:10:47.734765 111b43e00                Options.max_bytes_for_level_base: 1073741824
2021/11/29-14:10:47.734766 111b43e00 Options.level_compaction_dynamic_level_bytes: 0
2021/11/29-14:10:47.734767 111b43e00          Options.max_bytes_for_level_multiplier: 10.000000
2021/11/29-14:10:47.734768 111b43e00 Options.max_bytes_for_level_multiplier_addtl[0]: 1
2021/11/29-14:10:47.734769 111b43e00 Options.max_bytes_for_level_multiplier_addtl[1]: 1
2021/11/29-14:10:47.734770 111b43e00 Options.max_bytes_for_level_multiplier_addtl[2]: 1
2021/11/29-14:10:47.734771 111b43e00 Options.max_bytes_for_level_multiplier_addtl[3]: 1
2021/11/29-14:10:47.734772 111b43e00 Options.max_bytes_for_level_multiplier_addtl[4]: 1
2021/11/29-14:10:47.734773 111b43e00 Options.max_bytes_for_level_multiplier_addtl[5]: 1
2021/11/29-14:10:47.734774 111b43e00 Options.max_bytes_for_level_multiplier_addtl[6]: 1
2021/11/29-14:10:47.734775 111b43e00       Options.max_sequential_skip_in_iterations: 8
2021/11/29-14:10:47.734776 111b43e00                    Options.max_compaction_bytes: 2684354550
2021/11/29-14:10:47.734777 111b43e00                        Options.arena_block_size: 33554432
2021/11/29-14:10:47.734778 111b43e00   Options.soft_pending_compaction_bytes_limit: 68719476736
2021/11/29-14:10:47.734778 111b43e00   Options.hard_pending_compaction_bytes_limit: 274877906944
2021/11/29-14:10:47.734779 111b43e00       Options.rate_limit_delay_max_milliseconds: 100
2021/11/29-14:10:47.734780 111b43e00                Options.disable_auto_compactions: 0
2021/11/29-14:10:47.734782 111b43e00                        Options.compaction_style: kCompactionStyleLevel
2021/11/29-14:10:47.734783 111b43e00                          Options.compaction_pri: kMinOverlappingRatio
2021/11/29-14:10:47.734784 111b43e00 Options.compaction_options_universal.size_ratio: 1
2021/11/29-14:10:47.734785 111b43e00 Options.compaction_options_universal.min_merge_width: 2
2021/11/29-14:10:47.734785 111b43e00 Options.compaction_options_universal.max_merge_width: 4294967295
2021/11/29-14:10:47.734786 111b43e00 Options.compaction_options_universal.max_size_amplification_percent: 200
2021/11/29-14:10:47.734787 111b43e00 Options.compaction_options_universal.compression_size_percent: -1
2021/11/29-14:10:47.734789 111b43e00 Options.compaction_options_universal.stop_style: kCompactionStopStyleTotalSize
2021/11/29-14:10:47.734790 111b43e00 Options.compaction_options_fifo.max_table_files_size: 1073741824
2021/11/29-14:10:47.734791 111b43e00 Options.compaction_options_fifo.allow_compaction: 0
2021/11/29-14:10:47.734793 111b43e00                   Options.table_properties_collectors: 
2021/11/29-14:10:47.734794 111b43e00                   Options.inplace_update_support: 0
2021/11/29-14:10:47.734795 111b43e00                 Options.inplace_update_num_locks: 10000
2021/11/29-14:10:47.734796 111b43e00               Options.memtable_prefix_bloom_size_ratio: 0.000000
2021/11/29-14:10:47.734797 111b43e00               Options.memtable_whole_key_filtering: 0
2021/11/29-14:10:47.734798 111b43e00   Options.memtable_huge_page_size: 0
2021/11/29-14:10:47.734799 111b43e00                           Options.bloom_locality: 0
2021/11/29-14:10:47.734800 111b43e00                    Options.max_successive_merges: 0
2021/11/29-14:10:47.734801 111b43e00                Options.optimize_filters_for_hits: 0
2021/11/29-14:10:47.734801 111b43e00                Options.paranoid_file_checks: 0
2021/11/29-14:10:47.734802 111b43e00                Options.force_consistency_checks: 1
2021/11/29-14:10:47.734803 111b43e00                Options.report_bg_io_stats: 0
2021/11/29-14:10:47.734804 111b43e00                               Options.ttl: 2592000
2021/11/29-14:10:47.734820 111b43e00          Options.periodic_compaction_seconds: 2592000
2021/11/29-14:10:47.734822 111b43e00                    Options.enable_blob_files: false
2021/11/29-14:10:47.734823 111b43e00                        Options.min_blob_size: 0
2021/11/29-14:10:47.734824 111b43e00                       Options.blob_file_size: 268435456
2021/11/29-14:10:47.734825 111b43e00                Options.blob_compression_type: NoCompression
2021/11/29-14:10:47.734826 111b43e00       Options.enable_blob_garbage_collection: false
2021/11/29-14:10:47.734827 111b43e00   Options.blob_garbage_collection_age_cutoff: 0.250000
2021/11/29-14:10:47.734883 111b43e00 [db/db_impl/db_impl.cc:2658] Created column family [dead_slots] (ID 2)
2021/11/29-14:10:47.737991 111b43e00 [db/column_family.cc:597] --------------- Options for column family [duplicate_slots]:
2021/11/29-14:10:47.737999 111b43e00               Options.comparator: leveldb.BytewiseComparator
2021/11/29-14:10:47.738001 111b43e00           Options.merge_operator: None
2021/11/29-14:10:47.738002 111b43e00        Options.compaction_filter: None
2021/11/29-14:10:47.738003 111b43e00        Options.compaction_filter_factory: purged_slot_filter_factory(duplicate_slots)
2021/11/29-14:10:47.738004 111b43e00  Options.sst_partitioner_factory: None
2021/11/29-14:10:47.738005 111b43e00         Options.memtable_factory: SkipListFactory
2021/11/29-14:10:47.738006 111b43e00            Options.table_factory: BlockBasedTable
2021/11/29-14:10:47.738022 111b43e00            table_factory options:   flush_block_policy_factory: FlushBlockBySizePolicyFactory (0x7fda8dc17250)
  cache_index_and_filter_blocks: 0
  cache_index_and_filter_blocks_with_high_priority: 1
  pin_l0_filter_and_index_blocks_in_cache: 0
  pin_top_level_index_and_filter: 1
  index_type: 0
  data_block_index_type: 0
  index_shortening: 1
  data_block_hash_table_util_ratio: 0.750000
  hash_index_allow_collision: 1
  checksum: 1
  no_block_cache: 0
  block_cache: 0x7fda8dc17298
  block_cache_name: LRUCache
  block_cache_options:
    capacity : 8388608
    num_shard_bits : 4
    strict_capacity_limit : 0
    memory_allocator : None
    high_pri_pool_ratio: 0.000
  block_cache_compressed: 0x0
  persistent_cache: 0x0
  block_size: 4096
  block_size_deviation: 10
  block_restart_interval: 16
  index_block_restart_interval: 1
  metadata_block_size: 4096
  partition_filters: 0
  use_delta_encoding: 1
  filter_policy: nullptr
  whole_key_filtering: 1
  verify_compression: 0
  read_amp_bytes_per_bit: 0
  format_version: 4
  enable_index_compression: 1
  block_align: 0
2021/11/29-14:10:47.738026 111b43e00        Options.write_buffer_size: 268435456
2021/11/29-14:10:47.738027 111b43e00  Options.max_write_buffer_number: 8
2021/11/29-14:10:47.738028 111b43e00          Options.compression: NoCompression
2021/11/29-14:10:47.738029 111b43e00                  Options.bottommost_compression: Disabled
2021/11/29-14:10:47.738030 111b43e00       Options.prefix_extractor: nullptr
2021/11/29-14:10:47.738031 111b43e00   Options.memtable_insert_with_hint_prefix_extractor: nullptr
2021/11/29-14:10:47.738032 111b43e00             Options.num_levels: 7
2021/11/29-14:10:47.738033 111b43e00        Options.min_write_buffer_number_to_merge: 1
2021/11/29-14:10:47.738034 111b43e00     Options.max_write_buffer_number_to_maintain: 0
2021/11/29-14:10:47.738035 111b43e00     Options.max_write_buffer_size_to_maintain: 0
2021/11/29-14:10:47.738036 111b43e00            Options.bottommost_compression_opts.window_bits: -14
2021/11/29-14:10:47.738037 111b43e00                  Options.bottommost_compression_opts.level: 32767
2021/11/29-14:10:47.738038 111b43e00               Options.bottommost_compression_opts.strategy: 0
2021/11/29-14:10:47.738039 111b43e00         Options.bottommost_compression_opts.max_dict_bytes: 0
2021/11/29-14:10:47.738040 111b43e00         Options.bottommost_compression_opts.zstd_max_train_bytes: 0
2021/11/29-14:10:47.738041 111b43e00         Options.bottommost_compression_opts.parallel_threads: 1
2021/11/29-14:10:47.738042 111b43e00                  Options.bottommost_compression_opts.enabled: false
2021/11/29-14:10:47.738043 111b43e00            Options.compression_opts.window_bits: -14
2021/11/29-14:10:47.738044 111b43e00                  Options.compression_opts.level: 32767
2021/11/29-14:10:47.738045 111b43e00               Options.compression_opts.strategy: 0
2021/11/29-14:10:47.738046 111b43e00         Options.compression_opts.max_dict_bytes: 0
2021/11/29-14:10:47.738047 111b43e00         Options.compression_opts.zstd_max_train_bytes: 0
2021/11/29-14:10:47.738048 111b43e00         Options.compression_opts.parallel_threads: 1
2021/11/29-14:10:47.738048 111b43e00                  Options.compression_opts.enabled: false
