2021/11/29-14:10:48.311422 111b43e00 RocksDB version: 6.17.3
2021/11/29-14:10:48.311468 111b43e00 Git sha rocksdb_build_git_sha:@09c7e96eac1ab983f97ce9e0406730b8014b3398@
2021/11/29-14:10:48.311470 111b43e00 Compile date Oct  6 2021
2021/11/29-14:10:48.311484 111b43e00 DB SUMMARY
2021/11/29-14:10:48.311486 111b43e00 DB Session ID:  Q8TRBQ71WRZU7WU09FTB
2021/11/29-14:10:48.311530 111b43e00 CURRENT file:  CURRENT
2021/11/29-14:10:48.311531 111b43e00 IDENTITY file:  IDENTITY
2021/11/29-14:10:48.311538 111b43e00 MANIFEST file:  MANIFEST-000003 size: 1376 Bytes
2021/11/29-14:10:48.311540 111b43e00 SST files in test-ledger/rocksdb dir, Total Num: 0, files: 
2021/11/29-14:10:48.311541 111b43e00 Write Ahead Log file in test-ledger/rocksdb: 000004.log size: 3918 ; 
2021/11/29-14:10:48.311543 111b43e00                         Options.error_if_exists: 0
2021/11/29-14:10:48.311544 111b43e00                       Options.create_if_missing: 1
2021/11/29-14:10:48.311545 111b43e00                         Options.paranoid_checks: 1
2021/11/29-14:10:48.311546 111b43e00                               Options.track_and_verify_wals_in_manifest: 0
2021/11/29-14:10:48.311547 111b43e00                                     Options.env: 0x1070cbbc8
2021/11/29-14:10:48.311548 111b43e00                                      Options.fs: Posix File System
2021/11/29-14:10:48.311549 111b43e00                                Options.info_log: 0x7fda8dc1ebd0
2021/11/29-14:10:48.311550 111b43e00                Options.max_file_opening_threads: 16
2021/11/29-14:10:48.311551 111b43e00                              Options.statistics: 0x0
2021/11/29-14:10:48.311551 111b43e00                               Options.use_fsync: 0
2021/11/29-14:10:48.311552 111b43e00                       Options.max_log_file_size: 0
2021/11/29-14:10:48.311553 111b43e00                  Options.max_manifest_file_size: 1073741824
2021/11/29-14:10:48.311554 111b43e00                   Options.log_file_time_to_roll: 0
2021/11/29-14:10:48.311555 111b43e00                       Options.keep_log_file_num: 1000
2021/11/29-14:10:48.311556 111b43e00                    Options.recycle_log_file_num: 0
2021/11/29-14:10:48.311557 111b43e00                         Options.allow_fallocate: 1
2021/11/29-14:10:48.311558 111b43e00                        Options.allow_mmap_reads: 0
2021/11/29-14:10:48.311559 111b43e00                       Options.allow_mmap_writes: 0
2021/11/29-14:10:48.311559 111b43e00                        Options.use_direct_reads: 0
2021/11/29-14:10:48.311560 111b43e00                        Options.use_direct_io_for_flush_and_compaction: 0
2021/11/29-14:10:48.311561 111b43e00          Options.create_missing_column_families: 1
2021/11/29-14:10:48.311562 111b43e00                              Options.db_log_dir: 
2021/11/29-14:10:48.311563 111b43e00                                 Options.wal_dir: test-ledger/rocksdb
2021/11/29-14:10:48.311564 111b43e00                Options.table_cache_numshardbits: 6
2021/11/29-14:10:48.311564 111b43e00                         Options.WAL_ttl_seconds: 0
2021/11/29-14:10:48.311565 111b43e00                       Options.WAL_size_limit_MB: 0
2021/11/29-14:10:48.311566 111b43e00                        Options.max_write_batch_group_size_bytes: 1048576
2021/11/29-14:10:48.311567 111b43e00             Options.manifest_preallocation_size: 4194304
2021/11/29-14:10:48.311568 111b43e00                     Options.is_fd_close_on_exec: 1
2021/11/29-14:10:48.311569 111b43e00                   Options.advise_random_on_open: 1
2021/11/29-14:10:48.311570 111b43e00                    Options.db_write_buffer_size: 0
2021/11/29-14:10:48.311571 111b43e00                    Options.write_buffer_manager: 0x7fda8dc297a0
2021/11/29-14:10:48.311572 111b43e00         Options.access_hint_on_compaction_start: 1
2021/11/29-14:10:48.311572 111b43e00  Options.new_table_reader_for_compaction_inputs: 0
2021/11/29-14:10:48.311573 111b43e00           Options.random_access_max_buffer_size: 1048576
2021/11/29-14:10:48.311574 111b43e00                      Options.use_adaptive_mutex: 0
2021/11/29-14:10:48.311575 111b43e00                            Options.rate_limiter: 0x0
2021/11/29-14:10:48.311597 111b43e00     Options.sst_file_manager.rate_bytes_per_sec: 0
2021/11/29-14:10:48.311599 111b43e00                       Options.wal_recovery_mode: 2
2021/11/29-14:10:48.311600 111b43e00                  Options.enable_thread_tracking: 0
2021/11/29-14:10:48.311600 111b43e00                  Options.enable_pipelined_write: 0
2021/11/29-14:10:48.311601 111b43e00                  Options.unordered_write: 0
2021/11/29-14:10:48.311602 111b43e00         Options.allow_concurrent_memtable_write: 1
2021/11/29-14:10:48.311603 111b43e00      Options.enable_write_thread_adaptive_yield: 1
2021/11/29-14:10:48.311604 111b43e00             Options.write_thread_max_yield_usec: 100
2021/11/29-14:10:48.311605 111b43e00            Options.write_thread_slow_yield_usec: 3
2021/11/29-14:10:48.311606 111b43e00                               Options.row_cache: None
2021/11/29-14:10:48.311606 111b43e00                              Options.wal_filter: None
2021/11/29-14:10:48.311607 111b43e00             Options.avoid_flush_during_recovery: 0
2021/11/29-14:10:48.311608 111b43e00             Options.allow_ingest_behind: 0
2021/11/29-14:10:48.311609 111b43e00             Options.preserve_deletes: 0
2021/11/29-14:10:48.311610 111b43e00             Options.two_write_queues: 0
2021/11/29-14:10:48.311611 111b43e00             Options.manual_wal_flush: 0
2021/11/29-14:10:48.311612 111b43e00             Options.atomic_flush: 0
2021/11/29-14:10:48.311612 111b43e00             Options.avoid_unnecessary_blocking_io: 0
2021/11/29-14:10:48.311613 111b43e00                 Options.persist_stats_to_disk: 0
2021/11/29-14:10:48.311614 111b43e00                 Options.write_dbid_to_manifest: 0
2021/11/29-14:10:48.311615 111b43e00                 Options.log_readahead_size: 0
2021/11/29-14:10:48.311616 111b43e00                 Options.file_checksum_gen_factory: Unknown
2021/11/29-14:10:48.311617 111b43e00                 Options.best_efforts_recovery: 0
2021/11/29-14:10:48.311618 111b43e00                Options.max_bgerror_resume_count: 2147483647
2021/11/29-14:10:48.311619 111b43e00            Options.bgerror_resume_retry_interval: 1000000
2021/11/29-14:10:48.311620 111b43e00             Options.allow_data_in_errors: 0
2021/11/29-14:10:48.311621 111b43e00             Options.db_host_id: __hostname__
2021/11/29-14:10:48.311621 111b43e00             Options.max_background_jobs: 4
2021/11/29-14:10:48.311622 111b43e00             Options.max_background_compactions: -1
2021/11/29-14:10:48.311623 111b43e00             Options.max_subcompactions: 1
2021/11/29-14:10:48.311624 111b43e00             Options.avoid_flush_during_shutdown: 0
2021/11/29-14:10:48.311625 111b43e00           Options.writable_file_max_buffer_size: 1048576
2021/11/29-14:10:48.311626 111b43e00             Options.delayed_write_rate : 16777216
2021/11/29-14:10:48.311627 111b43e00             Options.max_total_wal_size: 4294967296
2021/11/29-14:10:48.311628 111b43e00             Options.delete_obsolete_files_period_micros: 21600000000
2021/11/29-14:10:48.311629 111b43e00                   Options.stats_dump_period_sec: 600
2021/11/29-14:10:48.311630 111b43e00                 Options.stats_persist_period_sec: 600
2021/11/29-14:10:48.311631 111b43e00                 Options.stats_history_buffer_size: 1048576
2021/11/29-14:10:48.311631 111b43e00                          Options.max_open_files: -1
2021/11/29-14:10:48.311632 111b43e00                          Options.bytes_per_sync: 0
2021/11/29-14:10:48.311633 111b43e00                      Options.wal_bytes_per_sync: 0
2021/11/29-14:10:48.311634 111b43e00                   Options.strict_bytes_per_sync: 0
2021/11/29-14:10:48.311635 111b43e00       Options.compaction_readahead_size: 0
2021/11/29-14:10:48.311636 111b43e00                  Options.max_background_flushes: -1
2021/11/29-14:10:48.311637 111b43e00 Compression algorithms supported:
2021/11/29-14:10:48.311638 111b43e00 	kZSTD supported: 0
2021/11/29-14:10:48.311639 111b43e00 	kZlibCompression supported: 0
2021/11/29-14:10:48.311640 111b43e00 	kXpressCompression supported: 0
2021/11/29-14:10:48.311656 111b43e00 	kSnappyCompression supported: 0
2021/11/29-14:10:48.311657 111b43e00 	kZSTDNotFinalCompression supported: 0
2021/11/29-14:10:48.311658 111b43e00 	kLZ4HCCompression supported: 1
2021/11/29-14:10:48.311659 111b43e00 	kLZ4Compression supported: 1
2021/11/29-14:10:48.311660 111b43e00 	kBZip2Compression supported: 0
2021/11/29-14:10:48.311661 111b43e00 Fast CRC32 supported: Supported on x86
2021/11/29-14:10:48.311762 111b43e00 [db/version_set.cc:4757] Recovering from manifest file: test-ledger/rocksdb/MANIFEST-000003
2021/11/29-14:10:48.311803 111b43e00 [db/column_family.cc:597] --------------- Options for column family [default]:
2021/11/29-14:10:48.311805 111b43e00               Options.comparator: leveldb.BytewiseComparator
2021/11/29-14:10:48.311806 111b43e00           Options.merge_operator: None
2021/11/29-14:10:48.311806 111b43e00        Options.compaction_filter: None
2021/11/29-14:10:48.311807 111b43e00        Options.compaction_filter_factory: None
2021/11/29-14:10:48.311808 111b43e00  Options.sst_partitioner_factory: None
2021/11/29-14:10:48.311809 111b43e00         Options.memtable_factory: SkipListFactory
2021/11/29-14:10:48.311810 111b43e00            Options.table_factory: BlockBasedTable
2021/11/29-14:10:48.311823 111b43e00            table_factory options:   flush_block_policy_factory: FlushBlockBySizePolicyFactory (0x7fda8dc287c0)
  cache_index_and_filter_blocks: 0
  cache_index_and_filter_blocks_with_high_priority: 1
  pin_l0_filter_and_index_blocks_in_cache: 0
  pin_top_level_index_and_filter: 1
  index_type: 0
  data_block_index_type: 0
  index_shortening: 1
  data_block_hash_table_util_ratio: 0.750000
  hash_index_allow_collision: 1
  checksum: 1
  no_block_cache: 0
  block_cache: 0x7fda8dc28818
  block_cache_name: LRUCache
  block_cache_options:
    capacity : 8388608
    num_shard_bits : 4
    strict_capacity_limit : 0
    memory_allocator : None
    high_pri_pool_ratio: 0.000
  block_cache_compressed: 0x0
  persistent_cache: 0x0
  block_size: 4096
  block_size_deviation: 10
  block_restart_interval: 16
  index_block_restart_interval: 1
  metadata_block_size: 4096
  partition_filters: 0
  use_delta_encoding: 1
  filter_policy: nullptr
  whole_key_filtering: 1
  verify_compression: 0
  read_amp_bytes_per_bit: 0
  format_version: 4
  enable_index_compression: 1
  block_align: 0
2021/11/29-14:10:48.311827 111b43e00        Options.write_buffer_size: 67108864
2021/11/29-14:10:48.311828 111b43e00  Options.max_write_buffer_number: 2
2021/11/29-14:10:48.311830 111b43e00          Options.compression: NoCompression
2021/11/29-14:10:48.311831 111b43e00                  Options.bottommost_compression: Disabled
2021/11/29-14:10:48.311832 111b43e00       Options.prefix_extractor: nullptr
2021/11/29-14:10:48.311832 111b43e00   Options.memtable_insert_with_hint_prefix_extractor: nullptr
2021/11/29-14:10:48.311833 111b43e00             Options.num_levels: 7
2021/11/29-14:10:48.311834 111b43e00        Options.min_write_buffer_number_to_merge: 1
2021/11/29-14:10:48.311835 111b43e00     Options.max_write_buffer_number_to_maintain: 0
2021/11/29-14:10:48.311836 111b43e00     Options.max_write_buffer_size_to_maintain: 0
2021/11/29-14:10:48.311837 111b43e00            Options.bottommost_compression_opts.window_bits: -14
2021/11/29-14:10:48.311838 111b43e00                  Options.bottommost_compression_opts.level: 32767
2021/11/29-14:10:48.311839 111b43e00               Options.bottommost_compression_opts.strategy: 0
2021/11/29-14:10:48.311840 111b43e00         Options.bottommost_compression_opts.max_dict_bytes: 0
2021/11/29-14:10:48.311841 111b43e00         Options.bottommost_compression_opts.zstd_max_train_bytes: 0
2021/11/29-14:10:48.311842 111b43e00         Options.bottommost_compression_opts.parallel_threads: 1
2021/11/29-14:10:48.311843 111b43e00                  Options.bottommost_compression_opts.enabled: false
2021/11/29-14:10:48.311844 111b43e00            Options.compression_opts.window_bits: -14
2021/11/29-14:10:48.311844 111b43e00                  Options.compression_opts.level: 32767
2021/11/29-14:10:48.311864 111b43e00               Options.compression_opts.strategy: 0
2021/11/29-14:10:48.311865 111b43e00         Options.compression_opts.max_dict_bytes: 0
2021/11/29-14:10:48.311866 111b43e00         Options.compression_opts.zstd_max_train_bytes: 0
2021/11/29-14:10:48.311867 111b43e00         Options.compression_opts.parallel_threads: 1
2021/11/29-14:10:48.311868 111b43e00                  Options.compression_opts.enabled: false
2021/11/29-14:10:48.311868 111b43e00      Options.level0_file_num_compaction_trigger: 4
2021/11/29-14:10:48.311869 111b43e00          Options.level0_slowdown_writes_trigger: 20
2021/11/29-14:10:48.311870 111b43e00              Options.level0_stop_writes_trigger: 36
2021/11/29-14:10:48.311871 111b43e00                   Options.target_file_size_base: 67108864
2021/11/29-14:10:48.311872 111b43e00             Options.target_file_size_multiplier: 1
2021/11/29-14:10:48.311873 111b43e00                Options.max_bytes_for_level_base: 268435456
2021/11/29-14:10:48.311874 111b43e00 Options.level_compaction_dynamic_level_bytes: 0
2021/11/29-14:10:48.311874 111b43e00          Options.max_bytes_for_level_multiplier: 10.000000
2021/11/29-14:10:48.311876 111b43e00 Options.max_bytes_for_level_multiplier_addtl[0]: 1
2021/11/29-14:10:48.311877 111b43e00 Options.max_bytes_for_level_multiplier_addtl[1]: 1
2021/11/29-14:10:48.311878 111b43e00 Options.max_bytes_for_level_multiplier_addtl[2]: 1
2021/11/29-14:10:48.311879 111b43e00 Options.max_bytes_for_level_multiplier_addtl[3]: 1
2021/11/29-14:10:48.311879 111b43e00 Options.max_bytes_for_level_multiplier_addtl[4]: 1
2021/11/29-14:10:48.311880 111b43e00 Options.max_bytes_for_level_multiplier_addtl[5]: 1
2021/11/29-14:10:48.311881 111b43e00 Options.max_bytes_for_level_multiplier_addtl[6]: 1
2021/11/29-14:10:48.311882 111b43e00       Options.max_sequential_skip_in_iterations: 8
2021/11/29-14:10:48.311883 111b43e00                    Options.max_compaction_bytes: 1677721600
2021/11/29-14:10:48.311884 111b43e00                        Options.arena_block_size: 8388608
2021/11/29-14:10:48.311885 111b43e00   Options.soft_pending_compaction_bytes_limit: 68719476736
2021/11/29-14:10:48.311886 111b43e00   Options.hard_pending_compaction_bytes_limit: 274877906944
2021/11/29-14:10:48.311887 111b43e00       Options.rate_limit_delay_max_milliseconds: 100
2021/11/29-14:10:48.311888 111b43e00                Options.disable_auto_compactions: 0
2021/11/29-14:10:48.311889 111b43e00                        Options.compaction_style: kCompactionStyleLevel
2021/11/29-14:10:48.311889 111b43e00                          Options.compaction_pri: kMinOverlappingRatio
2021/11/29-14:10:48.311890 111b43e00 Options.compaction_options_universal.size_ratio: 1
2021/11/29-14:10:48.311891 111b43e00 Options.compaction_options_universal.min_merge_width: 2
2021/11/29-14:10:48.311892 111b43e00 Options.compaction_options_universal.max_merge_width: 4294967295
2021/11/29-14:10:48.311893 111b43e00 Options.compaction_options_universal.max_size_amplification_percent: 200
2021/11/29-14:10:48.311894 111b43e00 Options.compaction_options_universal.compression_size_percent: -1
2021/11/29-14:10:48.311895 111b43e00 Options.compaction_options_universal.stop_style: kCompactionStopStyleTotalSize
2021/11/29-14:10:48.311896 111b43e00 Options.compaction_options_fifo.max_table_files_size: 1073741824
2021/11/29-14:10:48.311897 111b43e00 Options.compaction_options_fifo.allow_compaction: 0
2021/11/29-14:10:48.311903 111b43e00                   Options.table_properties_collectors: 
2021/11/29-14:10:48.311904 111b43e00                   Options.inplace_update_support: 0
2021/11/29-14:10:48.311905 111b43e00                 Options.inplace_update_num_locks: 10000
2021/11/29-14:10:48.311906 111b43e00               Options.memtable_prefix_bloom_size_ratio: 0.000000
2021/11/29-14:10:48.311907 111b43e00               Options.memtable_whole_key_filtering: 0
2021/11/29-14:10:48.311908 111b43e00   Options.memtable_huge_page_size: 0
2021/11/29-14:10:48.311909 111b43e00                           Options.bloom_locality: 0
2021/11/29-14:10:48.311942 111b43e00                    Options.max_successive_merges: 0
2021/11/29-14:10:48.311944 111b43e00                Options.optimize_filters_for_hits: 0
2021/11/29-14:10:48.311946 111b43e00                Options.paranoid_file_checks: 0
2021/11/29-14:10:48.311947 111b43e00                Options.force_consistency_checks: 1
2021/11/29-14:10:48.311948 111b43e00                Options.report_bg_io_stats: 0
2021/11/29-14:10:48.311950 111b43e00                               Options.ttl: 2592000
2021/11/29-14:10:48.311951 111b43e00          Options.periodic_compaction_seconds: 0
2021/11/29-14:10:48.311952 111b43e00                    Options.enable_blob_files: false
2021/11/29-14:10:48.311953 111b43e00                        Options.min_blob_size: 0
2021/11/29-14:10:48.311953 111b43e00                       Options.blob_file_size: 268435456
2021/11/29-14:10:48.311954 111b43e00                Options.blob_compression_type: NoCompression
2021/11/29-14:10:48.311955 111b43e00       Options.enable_blob_garbage_collection: false
2021/11/29-14:10:48.311956 111b43e00   Options.blob_garbage_collection_age_cutoff: 0.250000
2021/11/29-14:10:48.312012 111b43e00 [db/column_family.cc:597] --------------- Options for column family [meta]:
2021/11/29-14:10:48.312014 111b43e00               Options.comparator: leveldb.BytewiseComparator
2021/11/29-14:10:48.312015 111b43e00           Options.merge_operator: None
2021/11/29-14:10:48.312015 111b43e00        Options.compaction_filter: None
2021/11/29-14:10:48.312017 111b43e00        Options.compaction_filter_factory: purged_slot_filter_factory(meta)
2021/11/29-14:10:48.312018 111b43e00  Options.sst_partitioner_factory: None
2021/11/29-14:10:48.312019 111b43e00         Options.memtable_factory: SkipListFactory
2021/11/29-14:10:48.312020 111b43e00            Options.table_factory: BlockBasedTable
2021/11/29-14:10:48.312030 111b43e00            table_factory options:   flush_block_policy_factory: FlushBlockBySizePolicyFactory (0x7fda8dc13530)
  cache_index_and_filter_blocks: 0
  cache_index_and_filter_blocks_with_high_priority: 1
  pin_l0_filter_and_index_blocks_in_cache: 0
  pin_top_level_index_and_filter: 1
  index_type: 0
  data_block_index_type: 0
  index_shortening: 1
  data_block_hash_table_util_ratio: 0.750000
  hash_index_allow_collision: 1
  checksum: 1
  no_block_cache: 0
  block_cache: 0x7fda8dc258f8
  block_cache_name: LRUCache
  block_cache_options:
    capacity : 8388608
    num_shard_bits : 4
    strict_capacity_limit : 0
    memory_allocator : None
    high_pri_pool_ratio: 0.000
  block_cache_compressed: 0x0
  persistent_cache: 0x0
  block_size: 4096
  block_size_deviation: 10
  block_restart_interval: 16
  index_block_restart_interval: 1
  metadata_block_size: 4096
  partition_filters: 0
  use_delta_encoding: 1
  filter_policy: nullptr
  whole_key_filtering: 1
  verify_compression: 0
  read_amp_bytes_per_bit: 0
  format_version: 4
  enable_index_compression: 1
  block_align: 0
2021/11/29-14:10:48.312033 111b43e00        Options.write_buffer_size: 268435456
2021/11/29-14:10:48.312034 111b43e00  Options.max_write_buffer_number: 8
2021/11/29-14:10:48.312035 111b43e00          Options.compression: NoCompression
2021/11/29-14:10:48.312036 111b43e00                  Options.bottommost_compression: Disabled
2021/11/29-14:10:48.312037 111b43e00       Options.prefix_extractor: nullptr
2021/11/29-14:10:48.312038 111b43e00   Options.memtable_insert_with_hint_prefix_extractor: nullptr
2021/11/29-14:10:48.312039 111b43e00             Options.num_levels: 7
2021/11/29-14:10:48.312040 111b43e00        Options.min_write_buffer_number_to_merge: 1
2021/11/29-14:10:48.312041 111b43e00     Options.max_write_buffer_number_to_maintain: 0
2021/11/29-14:10:48.312042 111b43e00     Options.max_write_buffer_size_to_maintain: 0
2021/11/29-14:10:48.312042 111b43e00            Options.bottommost_compression_opts.window_bits: -14
2021/11/29-14:10:48.312043 111b43e00                  Options.bottommost_compression_opts.level: 32767
2021/11/29-14:10:48.312044 111b43e00               Options.bottommost_compression_opts.strategy: 0
2021/11/29-14:10:48.312062 111b43e00         Options.bottommost_compression_opts.max_dict_bytes: 0
2021/11/29-14:10:48.312063 111b43e00         Options.bottommost_compression_opts.zstd_max_train_bytes: 0
2021/11/29-14:10:48.312064 111b43e00         Options.bottommost_compression_opts.parallel_threads: 1
2021/11/29-14:10:48.312065 111b43e00                  Options.bottommost_compression_opts.enabled: false
2021/11/29-14:10:48.312066 111b43e00            Options.compression_opts.window_bits: -14
2021/11/29-14:10:48.312067 111b43e00                  Options.compression_opts.level: 32767
2021/11/29-14:10:48.312068 111b43e00               Options.compression_opts.strategy: 0
2021/11/29-14:10:48.312069 111b43e00         Options.compression_opts.max_dict_bytes: 0
2021/11/29-14:10:48.312070 111b43e00         Options.compression_opts.zstd_max_train_bytes: 0
2021/11/29-14:10:48.312071 111b43e00         Options.compression_opts.parallel_threads: 1
2021/11/29-14:10:48.312072 111b43e00                  Options.compression_opts.enabled: false
2021/11/29-14:10:48.312073 111b43e00      Options.level0_file_num_compaction_trigger: 4
2021/11/29-14:10:48.312074 111b43e00          Options.level0_slowdown_writes_trigger: 20
2021/11/29-14:10:48.312075 111b43e00              Options.level0_stop_writes_trigger: 36
2021/11/29-14:10:48.312076 111b43e00                   Options.target_file_size_base: 107374182
2021/11/29-14:10:48.312077 111b43e00             Options.target_file_size_multiplier: 1
2021/11/29-14:10:48.312077 111b43e00                Options.max_bytes_for_level_base: 1073741824
2021/11/29-14:10:48.312078 111b43e00 Options.level_compaction_dynamic_level_bytes: 0
2021/11/29-14:10:48.312079 111b43e00          Options.max_bytes_for_level_multiplier: 10.000000
2021/11/29-14:10:48.312081 111b43e00 Options.max_bytes_for_level_multiplier_addtl[0]: 1
2021/11/29-14:10:48.312082 111b43e00 Options.max_bytes_for_level_multiplier_addtl[1]: 1
2021/11/29-14:10:48.312083 111b43e00 Options.max_bytes_for_level_multiplier_addtl[2]: 1
2021/11/29-14:10:48.312083 111b43e00 Options.max_bytes_for_level_multiplier_addtl[3]: 1
2021/11/29-14:10:48.312084 111b43e00 Options.max_bytes_for_level_multiplier_addtl[4]: 1
2021/11/29-14:10:48.312085 111b43e00 Options.max_bytes_for_level_multiplier_addtl[5]: 1
2021/11/29-14:10:48.312086 111b43e00 Options.max_bytes_for_level_multiplier_addtl[6]: 1
2021/11/29-14:10:48.312087 111b43e00       Options.max_sequential_skip_in_iterations: 8
2021/11/29-14:10:48.312088 111b43e00                    Options.max_compaction_bytes: 2684354550
2021/11/29-14:10:48.312089 111b43e00                        Options.arena_block_size: 33554432
2021/11/29-14:10:48.312090 111b43e00   Options.soft_pending_compaction_bytes_limit: 68719476736
2021/11/29-14:10:48.312091 111b43e00   Options.hard_pending_compaction_bytes_limit: 274877906944
2021/11/29-14:10:48.312092 111b43e00       Options.rate_limit_delay_max_milliseconds: 100
2021/11/29-14:10:48.312093 111b43e00                Options.disable_auto_compactions: 0
2021/11/29-14:10:48.312094 111b43e00                        Options.compaction_style: kCompactionStyleLevel
2021/11/29-14:10:48.312095 111b43e00                          Options.compaction_pri: kMinOverlappingRatio
2021/11/29-14:10:48.312096 111b43e00 Options.compaction_options_universal.size_ratio: 1
2021/11/29-14:10:48.312097 111b43e00 Options.compaction_options_universal.min_merge_width: 2
2021/11/29-14:10:48.312097 111b43e00 Options.compaction_options_universal.max_merge_width: 4294967295
2021/11/29-14:10:48.312098 111b43e00 Options.compaction_options_universal.max_size_amplification_percent: 200
2021/11/29-14:10:48.312099 111b43e00 Options.compaction_options_universal.compression_size_percent: -1
2021/11/29-14:10:48.312101 111b43e00 Options.compaction_options_universal.stop_style: kCompactionStopStyleTotalSize
2021/11/29-14:10:48.312102 111b43e00 Options.compaction_options_fifo.max_table_files_size: 1073741824
2021/11/29-14:10:48.312103 111b43e00 Options.compaction_options_fifo.allow_compaction: 0
2021/11/29-14:10:48.312119 111b43e00                   Options.table_properties_collectors: 
2021/11/29-14:10:48.312120 111b43e00                   Options.inplace_update_support: 0
2021/11/29-14:10:48.312121 111b43e00                 Options.inplace_update_num_locks: 10000
2021/11/29-14:10:48.312122 111b43e00               Options.memtable_prefix_bloom_size_ratio: 0.000000
2021/11/29-14:10:48.312123 111b43e00               Options.memtable_whole_key_filtering: 0
2021/11/29-14:10:48.312124 111b43e00   Options.memtable_huge_page_size: 0
2021/11/29-14:10:48.312125 111b43e00                           Options.bloom_locality: 0
2021/11/29-14:10:48.312126 111b43e00                    Options.max_successive_merges: 0
2021/11/29-14:10:48.312127 111b43e00                Options.optimize_filters_for_hits: 0
2021/11/29-14:10:48.312128 111b43e00                Options.paranoid_file_checks: 0
2021/11/29-14:10:48.312129 111b43e00                Options.force_consistency_checks: 1
2021/11/29-14:10:48.312129 111b43e00                Options.report_bg_io_stats: 0
2021/11/29-14:10:48.312130 111b43e00                               Options.ttl: 2592000
2021/11/29-14:10:48.312131 111b43e00          Options.periodic_compaction_seconds: 2592000
2021/11/29-14:10:48.312132 111b43e00                    Options.enable_blob_files: false
2021/11/29-14:10:48.312133 111b43e00                        Options.min_blob_size: 0
2021/11/29-14:10:48.312134 111b43e00                       Options.blob_file_size: 268435456
2021/11/29-14:10:48.312135 111b43e00                Options.blob_compression_type: NoCompression
2021/11/29-14:10:48.312136 111b43e00       Options.enable_blob_garbage_collection: false
2021/11/29-14:10:48.312137 111b43e00   Options.blob_garbage_collection_age_cutoff: 0.250000
2021/11/29-14:10:48.312158 111b43e00 [db/column_family.cc:597] --------------- Options for column family [dead_slots]:
2021/11/29-14:10:48.312160 111b43e00               Options.comparator: leveldb.BytewiseComparator
2021/11/29-14:10:48.312161 111b43e00           Options.merge_operator: None
2021/11/29-14:10:48.312162 111b43e00        Options.compaction_filter: None
2021/11/29-14:10:48.312163 111b43e00        Options.compaction_filter_factory: purged_slot_filter_factory(dead_slots)
2021/11/29-14:10:48.312163 111b43e00  Options.sst_partitioner_factory: None
2021/11/29-14:10:48.312164 111b43e00         Options.memtable_factory: SkipListFactory
2021/11/29-14:10:48.312165 111b43e00            Options.table_factory: BlockBasedTable
2021/11/29-14:10:48.312175 111b43e00            table_factory options:   flush_block_policy_factory: FlushBlockBySizePolicyFactory (0x7fda8dc13560)
  cache_index_and_filter_blocks: 0
  cache_index_and_filter_blocks_with_high_priority: 1
  pin_l0_filter_and_index_blocks_in_cache: 0
  pin_top_level_index_and_filter: 1
  index_type: 0
  data_block_index_type: 0
  index_shortening: 1
  data_block_hash_table_util_ratio: 0.750000
  hash_index_allow_collision: 1
  checksum: 1
  no_block_cache: 0
  block_cache: 0x7fda8dc29e48
  block_cache_name: LRUCache
  block_cache_options:
    capacity : 8388608
    num_shard_bits : 4
    strict_capacity_limit : 0
    memory_allocator : None
    high_pri_pool_ratio: 0.000
  block_cache_compressed: 0x0
  persistent_cache: 0x0
  block_size: 4096
  block_size_deviation: 10
  block_restart_interval: 16
  index_block_restart_interval: 1
  metadata_block_size: 4096
  partition_filters: 0
  use_delta_encoding: 1
  filter_policy: nullptr
  whole_key_filtering: 1
  verify_compression: 0
  read_amp_bytes_per_bit: 0
  format_version: 4
  enable_index_compression: 1
  block_align: 0
2021/11/29-14:10:48.312177 111b43e00        Options.write_buffer_size: 268435456
2021/11/29-14:10:48.312178 111b43e00  Options.max_write_buffer_number: 8
2021/11/29-14:10:48.312179 111b43e00          Options.compression: NoCompression
2021/11/29-14:10:48.312180 111b43e00                  Options.bottommost_compression: Disabled
2021/11/29-14:10:48.312181 111b43e00       Options.prefix_extractor: nullptr
2021/11/29-14:10:48.312182 111b43e00   Options.memtable_insert_with_hint_prefix_extractor: nullptr
2021/11/29-14:10:48.312199 111b43e00             Options.num_levels: 7
2021/11/29-14:10:48.312200 111b43e00        Options.min_write_buffer_number_to_merge: 1
2021/11/29-14:10:48.312201 111b43e00     Options.max_write_buffer_number_to_maintain: 0
2021/11/29-14:10:48.312202 111b43e00     Options.max_write_buffer_size_to_maintain: 0
2021/11/29-14:10:48.312203 111b43e00            Options.bottommost_compression_opts.window_bits: -14
2021/11/29-14:10:48.312204 111b43e00                  Options.bottommost_compression_opts.level: 32767
2021/11/29-14:10:48.312205 111b43e00               Options.bottommost_compression_opts.strategy: 0
2021/11/29-14:10:48.312206 111b43e00         Options.bottommost_compression_opts.max_dict_bytes: 0
2021/11/29-14:10:48.312207 111b43e00         Options.bottommost_compression_opts.zstd_max_train_bytes: 0
2021/11/29-14:10:48.312208 111b43e00         Options.bottommost_compression_opts.parallel_threads: 1
2021/11/29-14:10:48.312209 111b43e00                  Options.bottommost_compression_opts.enabled: false
2021/11/29-14:10:48.312210 111b43e00            Options.compression_opts.window_bits: -14
2021/11/29-14:10:48.312211 111b43e00                  Options.compression_opts.level: 32767
2021/11/29-14:10:48.312212 111b43e00               Options.compression_opts.strategy: 0
2021/11/29-14:10:48.312213 111b43e00         Options.compression_opts.max_dict_bytes: 0
2021/11/29-14:10:48.312213 111b43e00         Options.compression_opts.zstd_max_train_bytes: 0
2021/11/29-14:10:48.312214 111b43e00         Options.compression_opts.parallel_threads: 1
2021/11/29-14:10:48.312215 111b43e00                  Options.compression_opts.enabled: false
2021/11/29-14:10:48.312216 111b43e00      Options.level0_file_num_compaction_trigger: 4
2021/11/29-14:10:48.312217 111b43e00          Options.level0_slowdown_writes_trigger: 20
2021/11/29-14:10:48.312218 111b43e00              Options.level0_stop_writes_trigger: 36
2021/11/29-14:10:48.312219 111b43e00                   Options.target_file_size_base: 107374182
2021/11/29-14:10:48.312220 111b43e00             Options.target_file_size_multiplier: 1
2021/11/29-14:10:48.312221 111b43e00                Options.max_bytes_for_level_base: 1073741824
2021/11/29-14:10:48.312222 111b43e00 Options.level_compaction_dynamic_level_bytes: 0
2021/11/29-14:10:48.312223 111b43e00          Options.max_bytes_for_level_multiplier: 10.000000
2021/11/29-14:10:48.312224 111b43e00 Options.max_bytes_for_level_multiplier_addtl[0]: 1
2021/11/29-14:10:48.312225 111b43e00 Options.max_bytes_for_level_multiplier_addtl[1]: 1
2021/11/29-14:10:48.312226 111b43e00 Options.max_bytes_for_level_multiplier_addtl[2]: 1
2021/11/29-14:10:48.312227 111b43e00 Options.max_bytes_for_level_multiplier_addtl[3]: 1
2021/11/29-14:10:48.312228 111b43e00 Options.max_bytes_for_level_multiplier_addtl[4]: 1
2021/11/29-14:10:48.312229 111b43e00 Options.max_bytes_for_level_multiplier_addtl[5]: 1
2021/11/29-14:10:48.312230 111b43e00 Options.max_bytes_for_level_multiplier_addtl[6]: 1
2021/11/29-14:10:48.312230 111b43e00       Options.max_sequential_skip_in_iterations: 8
2021/11/29-14:10:48.312231 111b43e00                    Options.max_compaction_bytes: 2684354550
2021/11/29-14:10:48.312232 111b43e00                        Options.arena_block_size: 33554432
2021/11/29-14:10:48.312233 111b43e00   Options.soft_pending_compaction_bytes_limit: 68719476736
2021/11/29-14:10:48.312234 111b43e00   Options.hard_pending_compaction_bytes_limit: 274877906944
2021/11/29-14:10:48.312235 111b43e00       Options.rate_limit_delay_max_milliseconds: 100
2021/11/29-14:10:48.312236 111b43e00                Options.disable_auto_compactions: 0
2021/11/29-14:10:48.312237 111b43e00                        Options.compaction_style: kCompactionStyleLevel
2021/11/29-14:10:48.312238 111b43e00                          Options.compaction_pri: kMinOverlappingRatio
2021/11/29-14:10:48.312239 111b43e00 Options.compaction_options_universal.size_ratio: 1
2021/11/29-14:10:48.312240 111b43e00 Options.compaction_options_universal.min_merge_width: 2
2021/11/29-14:10:48.312254 111b43e00 Options.compaction_options_universal.max_merge_width: 4294967295
2021/11/29-14:10:48.312256 111b43e00 Options.compaction_options_universal.max_size_amplification_percent: 200
2021/11/29-14:10:48.312257 111b43e00 Options.compaction_options_universal.compression_size_percent: -1
2021/11/29-14:10:48.312258 111b43e00 Options.compaction_options_universal.stop_style: kCompactionStopStyleTotalSize
2021/11/29-14:10:48.312259 111b43e00 Options.compaction_options_fifo.max_table_files_size: 1073741824
2021/11/29-14:10:48.312260 111b43e00 Options.compaction_options_fifo.allow_compaction: 0
2021/11/29-14:10:48.312261 111b43e00                   Options.table_properties_collectors: 
2021/11/29-14:10:48.312262 111b43e00                   Options.inplace_update_support: 0
2021/11/29-14:10:48.312263 111b43e00                 Options.inplace_update_num_locks: 10000
2021/11/29-14:10:48.312264 111b43e00               Options.memtable_prefix_bloom_size_ratio: 0.000000
2021/11/29-14:10:48.312265 111b43e00               Options.memtable_whole_key_filtering: 0
2021/11/29-14:10:48.312266 111b43e00   Options.memtable_huge_page_size: 0
2021/11/29-14:10:48.312267 111b43e00                           Options.bloom_locality: 0
2021/11/29-14:10:48.312268 111b43e00                    Options.max_successive_merges: 0
2021/11/29-14:10:48.312269 111b43e00                Options.optimize_filters_for_hits: 0
2021/11/29-14:10:48.312270 111b43e00                Options.paranoid_file_checks: 0
2021/11/29-14:10:48.312270 111b43e00                Options.force_consistency_checks: 1
2021/11/29-14:10:48.312271 111b43e00                Options.report_bg_io_stats: 0
2021/11/29-14:10:48.312272 111b43e00                               Options.ttl: 2592000
2021/11/29-14:10:48.312273 111b43e00          Options.periodic_compaction_seconds: 2592000
2021/11/29-14:10:48.312274 111b43e00                    Options.enable_blob_files: false
2021/11/29-14:10:48.312275 111b43e00                        Options.min_blob_size: 0
2021/11/29-14:10:48.312276 111b43e00                       Options.blob_file_size: 268435456
2021/11/29-14:10:48.312277 111b43e00                Options.blob_compression_type: NoCompression
2021/11/29-14:10:48.312278 111b43e00       Options.enable_blob_garbage_collection: false
2021/11/29-14:10:48.312279 111b43e00   Options.blob_garbage_collection_age_cutoff: 0.250000
2021/11/29-14:10:48.312300 111b43e00 [db/column_family.cc:597] --------------- Options for column family [duplicate_slots]:
2021/11/29-14:10:48.312302 111b43e00               Options.comparator: leveldb.BytewiseComparator
2021/11/29-14:10:48.312303 111b43e00           Options.merge_operator: None
2021/11/29-14:10:48.312303 111b43e00        Options.compaction_filter: None
2021/11/29-14:10:48.312304 111b43e00        Options.compaction_filter_factory: purged_slot_filter_factory(duplicate_slots)
2021/11/29-14:10:48.312305 111b43e00  Options.sst_partitioner_factory: None
2021/11/29-14:10:48.312306 111b43e00         Options.memtable_factory: SkipListFactory
2021/11/29-14:10:48.312307 111b43e00            Options.table_factory: BlockBasedTable
2021/11/29-14:10:48.312317 111b43e00            table_factory options:   flush_block_policy_factory: FlushBlockBySizePolicyFactory (0x7fda8dc2ba80)
  cache_index_and_filter_blocks: 0
  cache_index_and_filter_blocks_with_high_priority: 1
  pin_l0_filter_and_index_blocks_in_cache: 0
  pin_top_level_index_and_filter: 1
  index_type: 0
  data_block_index_type: 0
  index_shortening: 1
  data_block_hash_table_util_ratio: 0.750000
  hash_index_allow_collision: 1
  checksum: 1
  no_block_cache: 0
  block_cache: 0x7fda8dc2bac8
  block_cache_name: LRUCache
  block_cache_options:
    capacity : 8388608
    num_shard_bits : 4
    strict_capacity_limit : 0
    memory_allocator : None
    high_pri_pool_ratio: 0.000
  block_cache_compressed: 0x0
  persistent_cache: 0x0
  block_size: 4096
  block_size_deviation: 10
  block_restart_interval: 16
  index_block_restart_interval: 1
  metadata_block_size: 4096
  partition_filters: 0
  use_delta_encoding: 1
  filter_policy: nullptr
  whole_key_filtering: 1
  verify_compression: 0
  read_amp_bytes_per_bit: 0
  format_version: 4
  enable_index_compression: 1
  block_align: 0
2021/11/29-14:10:48.312334 111b43e00        Options.write_buffer_size: 268435456
2021/11/29-14:10:48.312336 111b43e00  Options.max_write_buffer_number: 8
2021/11/29-14:10:48.312337 111b43e00          Options.compression: NoCompression
2021/11/29-14:10:48.312338 111b43e00                  Options.bottommost_compression: Disabled
2021/11/29-14:10:48.312339 111b43e00       Options.prefix_extractor: nullptr
2021/11/29-14:10:48.312339 111b43e00   Options.memtable_insert_with_hint_prefix_extractor: nullptr
2021/11/29-14:10:48.312340 111b43e00             Options.num_levels: 7
2021/11/29-14:10:48.312341 111b43e00        Options.min_write_buffer_number_to_merge: 1
2021/11/29-14:10:48.312342 111b43e00     Options.max_write_buffer_number_to_maintain: 0
2021/11/29-14:10:48.312343 111b43e00     Options.max_write_buffer_size_to_maintain: 0
2021/11/29-14:10:48.312344 111b43e00            Options.bottommost_compression_opts.window_bits: -14
2021/11/29-14:10:48.312345 111b43e00                  Options.bottommost_compression_opts.level: 32767
2021/11/29-14:10:48.312346 111b43e00               Options.bottommost_compression_opts.strategy: 0
2021/11/29-14:10:48.312347 111b43e00         Options.bottommost_compression_opts.max_dict_bytes: 0
2021/11/29-14:10:48.312348 111b43e00         Options.bottommost_compression_opts.zstd_max_train_bytes: 0
2021/11/29-14:10:48.312349 111b43e00         Options.bottommost_compression_opts.parallel_threads: 1
2021/11/29-14:10:48.312350 111b43e00                  Options.bottommost_compression_opts.enabled: false
2021/11/29-14:10:48.312351 111b43e00            Options.compression_opts.window_bits: -14
2021/11/29-14:10:48.312352 111b43e00                  Options.compression_opts.level: 32767
2021/11/29-14:10:48.312353 111b43e00               Options.compression_opts.strategy: 0
2021/11/29-14:10:48.312353 111b43e00         Options.compression_opts.max_dict_bytes: 0
2021/11/29-14:10:48.312354 111b43e00         Options.compression_opts.zstd_max_train_bytes: 0
2021/11/29-14:10:48.312355 111b43e00         Options.compression_opts.parallel_threads: 1
2021/11/29-14:10:48.312356 111b43e00                  Options.compression_opts.enabled: false
2021/11/29-14:10:48.312357 111b43e00      Options.level0_file_num_compaction_trigger: 4
2021/11/29-14:10:48.312358 111b43e00          Options.level0_slowdown_writes_trigger: 20
2021/11/29-14:10:48.312359 111b43e00              Options.level0_stop_writes_trigger: 36
2021/11/29-14:10:48.312360 111b43e00                   Options.target_file_size_base: 107374182
2021/11/29-14:10:48.312361 111b43e00             Options.target_file_size_multiplier: 1
2021/11/29-14:10:48.312362 111b43e00                Options.max_bytes_for_level_base: 1073741824
2021/11/29-14:10:48.312363 111b43e00 Options.level_compaction_dynamic_level_bytes: 0
